0 00 460
0 30 455
1 00 450
1 30 444
2 00 439
2 30 433
3 00 428
3 30 424
4 00 421
4 30 420
5 00 420
5 30 423
6 00 427
6 30 432
7 00 438
7 30 444
8 00 449
8 30 454
9 00 456
9 30 459
10 00 458
10 30 455
11 00 451
11 30 446
12 00 440
12 30 433
13 00 428
13 30 422
14 00 418
14 30 416
15 00 414
15 30 415
16 00 416
16 30 419
17 00 423
17 30 426
18 00 430
18 30 435
19 00 439
19 30 442
20 00 444
20 30 445
21 00 444
21 30 442
22 00 439
22 30 435
23 00 429
23 30 423
24 00 418
24 30 414
25 00 410
25 30 409
26 00 408
26 30 408
27 00 409
27 30 411
28 00 415
28 30 417
29 00 420
29 30 422
30 00 424
