0 00 470
0 30 463
1 00 455
1 30 447
2 00 439
2 30 433
3 00 427
3 30 424
4 00 423
4 30 424
5 00 427
5 30 432
6 00 438
6 30 446
7 00 453
7 30 460
8 00 466
8 30 471
9 00 474
9 30 475
10 00 471
10 30 467
11 00 460
11 30 454
12 00 446
12 30 440
13 00 434
13 30 430
14 00 426
14 30 426
15 00 427
15 30 429
16 00 432
16 30 438
17 00 444
17 30 450
18 00 455
18 30 460
19 00 464
19 30 465
20 00 467
20 30 466
21 00 465
21 30 460
22 00 457
22 30 452
23 00 447
23 30 443
24 00 438
24 30 435
25 00 434
25 30 433
26 00 434
26 30 436
27 00 439
27 30 443
28 00 446
28 30 450
29 00 454
29 30 457
